0 N 2 50 80
0 N 3 50 150
0 N 4 50 210
0 N 5 400 80
0 N 6 400 150
0 N 7 180 120
0 N 8 300 120
0 N 9 179 34
0 N 11 320 34
0 L 2 7
0 L 3 7
0 L 4 7
0 L 5 8
0 L 6 8
0 L 7 2
0 L 7 3
0 L 7 4
0 L 7 8
0 L 8 7
0 L 8 5
0 L 8 6
0 P 2 7 0.000204 0.0000001 0.0002041
0.0002041 P 7 8 0.0003061 0.0002042 0.0003062
0.0003062 P 8 5 0.0004082 0.0003063 0.0004083
0.0004083 P 5 8 0.0005103 0.0004084 0.0005104
0.0005104 P 8 7 0.0006124 0.0005105 0.0006125
0.0006125 P 7 2 0.0008165 0.0006126 0.0008166
0.0008166 P 2 7 0.0010046 0.0008167 0.0010047
0.0010046 P 2 7 0.0015926 0.0010047 0.0015927
0.0010047 P 7 8 0.0010987 0.0010048 0.0010988
0.0010988 P 8 5 0.0011928 0.0010989 0.0011929
0.0015927 P 7 8 0.0018867 0.0015928 0.0018868
0.0018868 P 8 5 0.0021808 0.0018869 0.0021809
0.0021809 P 5 8 0.0022749 0.002181 0.002275
0.0022749 P 5 8 0.0052729 0.002275 0.005273
0.002275 P 8 7 0.002369 0.0022751 0.0023691
0.0023691 P 7 2 0.0025571 0.0023692 0.0025572
0.0025572 P 2 7 0.0031452 0.0025573 0.0031453
0.0031453 P 7 8 0.0034393 0.0031454 0.0034394
0.0034394 P 8 5 0.0037334 0.0034395 0.0037335
0.0052729 P 5 8 0.0053669 0.005273 0.005367
0.005273 P 8 7 0.008271 0.0052731 0.0082711
0.008271 P 8 7 0.008365 0.0082711 0.0083651
0.0082711 P 7 2 0.0142671 0.0082712 0.0142672
0.0142671 P 7 2 0.0144551 0.0142672 0.0144552
0.0142672 P 2 7 0.0144552 0.0142673 0.0144553
0.0144553 P 7 8 0.0145493 0.0144554 0.0145494
0.0145494 P 8 5 0.0146434 0.0145495 0.0146435
0.0146435 P 5 8 0.0176415 0.0146436 0.0176416
0.0176415 P 5 8 0.0206395 0.0176416 0.0206396
0.0176416 P 8 7 0.0206396 0.0176417 0.0206397
0.0206396 P 8 7 0.0236376 0.0206397 0.0236377
0.0206397 P 7 2 0.0266357 0.0206398 0.0266358
0.0266357 P 7 2 0.0326317 0.0266358 0.0326318
0.0266358 P 2 7 0.0268238 0.0266359 0.0268239
0.0268239 P 7 8 0.0269179 0.026824 0.026918
0.026918 P 8 5 0.027012 0.0269181 0.0270121
0.0270121 P 5 8 0.0300101 0.0270122 0.0300102
0.0300101 P 5 8 0.0330081 0.0300102 0.0330082
0.0300102 P 8 7 0.0330082 0.0300103 0.0330083
0.0326318 P 2 7 0.0328198 0.0326319 0.0328199
0.0328199 P 7 8 0.0329139 0.03282 0.032914
0.032914 P 8 5 0.033008 0.0329141 0.0330081
0.0330081 P 5 8 0.0360061 0.0330082 0.0360062
0.0330082 P 8 7 0.0360062 0.0330083 0.0360063
0.0330083 P 7 2 0.0390043 0.0330084 0.0390044
0.0360061 P 5 8 0.0390041 0.0360062 0.0390042
0.0360062 P 8 7 0.0390042 0.0360063 0.0390043
0.0390042 P 8 7 0.0420022 0.0390043 0.0420023
0.0390043 P 7 2 0.0450003 0.0390044 0.0450004
0.0390044 P 2 7 0.0391924 0.0390045 0.0391925
0.0391925 P 7 8 0.0392865 0.0391926 0.0392866
0.0392866 P 8 5 0.0393806 0.0392867 0.0393807
0.0393807 P 5 8 0.0423787 0.0393808 0.0423788
0.0423787 P 5 8 0.0453767 0.0423788 0.0453768
0.0423788 P 8 7 0.0453768 0.0423789 0.0453769
0.0450003 P 7 2 0.0509963 0.0450004 0.0509964
0.0450004 P 2 7 0.0451884 0.0450005 0.0451885
0.0451885 P 7 8 0.0452825 0.0451886 0.0452826
0.0452826 P 8 5 0.0453766 0.0452827 0.0453767
0.0453767 P 5 8 0.0483747 0.0453768 0.0483748
0.0453768 P 8 7 0.0483748 0.0453769 0.0483749
0.0483747 P 5 8 0.0513727 0.0483748 0.0513728
0.0483748 P 8 7 0.0513728 0.0483749 0.0513729
0.0509963 P 7 2 0.0569923 0.0509964 0.0569924
0.0509964 P 2 7 0.0511844 0.0509965 0.0511845
0.0511845 P 7 8 0.0512785 0.0511846 0.0512786
0.0512786 P 8 5 0.0513726 0.0512787 0.0513727
0.0513727 P 5 8 0.0543707 0.0513728 0.0543708
0.0513728 P 8 7 0.0543708 0.0513729 0.0543709
0.0543707 P 5 8 0.0573687 0.0543708 0.0573688
0.0543708 P 8 7 0.0573688 0.0543709 0.0573689
0.0569923 P 7 2 0.0629883 0.0569924 0.0629884
0.0569924 P 2 7 0.0571804 0.0569925 0.0571805
0.0571805 P 7 8 0.0572745 0.0571806 0.0572746
0.0572746 P 8 5 0.0573686 0.0572747 0.0573687
0.0573687 P 5 8 0.0603667 0.0573688 0.0603668
0.0573688 P 8 7 0.0603668 0.0573689 0.0603669
0.0603667 P 5 8 0.0633647 0.0603668 0.0633648
0.0603668 P 8 7 0.0633648 0.0603669 0.0633649
0.0629883 P 7 2 0.0689843 0.0629884 0.0689844
0.0629884 P 2 7 0.0631764 0.0629885 0.0631765
0.0631765 P 7 8 0.0632705 0.0631766 0.0632706
0.0632706 P 8 5 0.0633646 0.0632707 0.0633647
0.0633647 P 5 8 0.0663627 0.0633648 0.0663628
0.0633648 P 8 7 0.0663628 0.0633649 0.0663629
0.0663627 P 5 8 0.0693607 0.0663628 0.0693608
0.0663628 P 8 7 0.0693608 0.0663629 0.0693609
0.0689843 P 7 2 0.0749803 0.0689844 0.0749804
0.0689844 P 2 7 0.0691724 0.0689845 0.0691725
0.0691725 P 7 8 0.0692665 0.0691726 0.0692666
0.0692666 P 8 5 0.0693606 0.0692667 0.0693607
0.0693607 P 5 8 0.0723587 0.0693608 0.0723588
0.0693608 P 8 7 0.0723588 0.0693609 0.0723589
0.0723587 P 5 8 0.0753567 0.0723588 0.0753568
0.0723588 P 8 7 0.0753568 0.0723589 0.0753569
0.0749803 P 7 2 0.0809763 0.0749804 0.0809764
0.0749804 P 2 7 0.0751684 0.0749805 0.0751685
0.0751685 P 7 8 0.0752625 0.0751686 0.0752626
0.0752626 P 8 5 0.0753566 0.0752627 0.0753567
0.0753567 P 5 8 0.0783547 0.0753568 0.0783548
0.0753568 P 8 7 0.0783548 0.0753569 0.0783549
0.0783547 P 5 8 0.0813527 0.0783548 0.0813528
0.0783548 P 8 7 0.0813528 0.0783549 0.0813529
0.0809763 P 7 2 0.0869723 0.0809764 0.0869724
0.0809764 P 2 7 0.0811644 0.0809765 0.0811645
0.0811645 P 7 8 0.0812585 0.0811646 0.0812586
0.0812586 P 8 5 0.0813526 0.0812587 0.0813527
0.0813527 P 5 8 0.0843507 0.0813528 0.0843508
0.0813528 P 8 7 0.0843508 0.0813529 0.0843509
0.0843507 P 5 8 0.0873487 0.0843508 0.0873488
0.0843508 P 8 7 0.0873488 0.0843509 0.0873489
0.0869723 P 7 2 0.0929683 0.0869724 0.0929684
0.0869724 P 2 7 0.0871604 0.0869725 0.0871605
0.0871605 P 7 8 0.0872545 0.0871606 0.0872546
0.0872546 P 8 5 0.0873486 0.0872547 0.0873487
0.0873487 P 5 8 0.0903467 0.0873488 0.0903468
0.0873488 P 8 7 0.0903468 0.0873489 0.0903469
0.0903467 P 5 8 0.0933447 0.0903468 0.0933448
0.0903468 P 8 7 0.0933448 0.0903469 0.0933449
0.0929683 P 7 2 0.0989643 0.0929684 0.0989644
0.0929684 P 2 7 0.0931564 0.0929685 0.0931565
0.0931565 P 7 8 0.0932505 0.0931566 0.0932506
0.0932506 P 8 5 0.0933446 0.0932507 0.0933447
0.0933447 P 5 8 0.0963427 0.0933448 0.0963428
0.0933448 P 8 7 0.0963428 0.0933449 0.0963429
0.0963427 P 5 8 0.0993407 0.0963428 0.0993408
0.0963428 P 8 7 0.0993408 0.0963429 0.0993409
0.0989643 P 7 2 0.1049603 0.0989644 0.1049604
0.0989644 P 2 7 0.0991524 0.0989645 0.0991525
0.0991525 P 7 8 0.0992465 0.0991526 0.0992466
0.0992466 P 8 5 0.0993406 0.0992467 0.0993407
0.0993407 P 5 8 0.1023387 0.0993408 0.1023388
0.0993408 P 8 7 0.1023388 0.0993409 0.1023389
0.1023387 P 5 8 0.1053367 0.1023388 0.1053368
0.1023388 P 8 7 0.1053368 0.1023389 0.1053369
0.1049603 P 7 2 0.1109563 0.1049604 0.1109564
0.1049604 P 2 7 0.1051484 0.1049605 0.1051485
0.1051485 P 7 8 0.1052425 0.1051486 0.1052426
0.1052426 P 8 5 0.1053366 0.1052427 0.1053367
0.1053367 P 5 8 0.1083347 0.1053368 0.1083348
0.1053368 P 8 7 0.1083348 0.1053369 0.1083349
0.1083347 P 5 8 0.1113327 0.1083348 0.1113328
0.1083348 P 8 7 0.1113328 0.1083349 0.1113329
0.1109563 P 7 2 0.1169523 0.1109564 0.1169524
0.1109564 P 2 7 0.1111444 0.1109565 0.1111445
0.1111445 P 7 8 0.1112385 0.1111446 0.1112386
0.1112386 P 8 5 0.1113326 0.1112387 0.1113327
0.1113327 P 5 8 0.1143307 0.1113328 0.1143308
0.1113328 P 8 7 0.1143308 0.1113329 0.1143309
0.1143307 P 5 8 0.1173287 0.1143308 0.1173288
0.1143308 P 8 7 0.1173288 0.1143309 0.1173289
0.1169523 P 7 2 0.1229483 0.1169524 0.1229484
0.1169524 P 2 7 0.1171404 0.1169525 0.1171405
0.1171405 P 7 8 0.1172345 0.1171406 0.1172346
0.1172346 P 8 5 0.1173286 0.1172347 0.1173287
0.1173287 P 5 8 0.1203267 0.1173288 0.1203268
0.1173288 P 8 7 0.1203268 0.1173289 0.1203269
0.1203267 P 5 8 0.1233247 0.1203268 0.1233248
0.1203268 P 8 7 0.1233248 0.1203269 0.1233249
0.1229483 P 7 2 0.1289443 0.1229484 0.1289444
0.1229484 P 2 7 0.1231364 0.1229485 0.1231365
0.1231365 P 7 8 0.1232305 0.1231366 0.1232306
0.1232306 P 8 5 0.1233246 0.1232307 0.1233247
0.1233247 P 5 8 0.1263227 0.1233248 0.1263228
0.1233248 P 8 7 0.1263228 0.1233249 0.1263229
0.1263227 P 5 8 0.1293207 0.1263228 0.1293208
0.1263228 P 8 7 0.1293208 0.1263229 0.1293209
0.1289443 P 7 2 0.1349403 0.1289444 0.1349404
0.1289444 P 2 7 0.1291324 0.1289445 0.1291325
0.1291325 P 7 8 0.1292265 0.1291326 0.1292266
0.1292266 P 8 5 0.1293206 0.1292267 0.1293207
0.1293207 P 5 8 0.1323187 0.1293208 0.1323188
0.1293208 P 8 7 0.1323188 0.1293209 0.1323189
0.1323187 P 5 8 0.1353167 0.1323188 0.1353168
0.1323188 P 8 7 0.1353168 0.1323189 0.1353169
0.1349403 P 7 2 0.1409363 0.1349404 0.1409364
0.1349404 P 2 7 0.1351284 0.1349405 0.1351285
0.1351285 P 7 8 0.1352225 0.1351286 0.1352226
0.1352226 P 8 5 0.1353166 0.1352227 0.1353167
0.1353167 P 5 8 0.1383147 0.1353168 0.1383148
0.1353168 P 8 7 0.1383148 0.1353169 0.1383149
0.1383147 P 5 8 0.1413127 0.1383148 0.1413128
0.1383148 P 8 7 0.1413128 0.1383149 0.1413129
0.1409363 P 7 2 0.1469323 0.1409364 0.1469324
0.1409364 P 2 7 0.1411244 0.1409365 0.1411245
0.1411245 P 7 8 0.1412185 0.1411246 0.1412186
0.1412186 P 8 5 0.1413126 0.1412187 0.1413127
0.1413127 P 5 8 0.1443107 0.1413128 0.1443108
0.1413128 P 8 7 0.1443108 0.1413129 0.1443109
0.1443107 P 5 8 0.1473087 0.1443108 0.1473088
0.1443108 P 8 7 0.1473088 0.1443109 0.1473089
0.1469323 P 7 2 0.1529283 0.1469324 0.1529284
0.1469324 P 2 7 0.1471204 0.1469325 0.1471205
0.1471205 P 7 8 0.1472145 0.1471206 0.1472146
0.1472146 P 8 5 0.1473086 0.1472147 0.1473087
0.1473087 P 5 8 0.1503067 0.1473088 0.1503068
0.1473088 P 8 7 0.1503068 0.1473089 0.1503069
0.1503067 P 5 8 0.1533047 0.1503068 0.1533048
0.1503068 P 8 7 0.1533048 0.1503069 0.1533049
0.1529283 P 7 2 0.1589243 0.1529284 0.1589244
0.1529284 P 2 7 0.1531164 0.1529285 0.1531165
0.1531165 P 7 8 0.1532105 0.1531166 0.1532106
0.1532106 P 8 5 0.1533046 0.1532107 0.1533047
0.1533047 P 5 8 0.1563027 0.1533048 0.1563028
0.1533048 P 8 7 0.1563028 0.1533049 0.1563029
0.1563027 P 5 8 0.1593007 0.1563028 0.1593008
0.1563028 P 8 7 0.1593008 0.1563029 0.1593009
0.1589243 P 7 2 0.1649203 0.1589244 0.1649204
0.1589244 P 2 7 0.1591124 0.1589245 0.1591125
0.1591125 P 7 8 0.1592065 0.1591126 0.1592066
0.1592066 P 8 5 0.1593006 0.1592067 0.1593007
0.1593007 P 5 8 0.1622987 0.1593008 0.1622988
0.1593008 P 8 7 0.1622988 0.1593009 0.1622989
0.1622987 P 5 8 0.1652967 0.1622988 0.1652968
0.1622988 P 8 7 0.1652968 0.1622989 0.1652969
0.1649203 P 7 2 0.1709163 0.1649204 0.1709164
0.1649204 P 2 7 0.1651084 0.1649205 0.1651085
0.1651085 P 7 8 0.1652025 0.1651086 0.1652026
0.1652026 P 8 5 0.1652966 0.1652027 0.1652967
0.1652967 P 5 8 0.1682947 0.1652968 0.1682948
0.1652968 P 8 7 0.1682948 0.1652969 0.1682949
0.1682947 P 5 8 0.1712927 0.1682948 0.1712928
0.1682948 P 8 7 0.1712928 0.1682949 0.1712929
0.1709163 P 7 2 0.1769123 0.1709164 0.1769124
0.1709164 P 2 7 0.1711044 0.1709165 0.1711045
0.1711045 P 7 8 0.1711985 0.1711046 0.1711986
0.1711986 P 8 5 0.1712926 0.1711987 0.1712927
0.1712927 P 5 8 0.1742907 0.1712928 0.1742908
0.1712928 P 8 7 0.1742908 0.1712929 0.1742909
0.1742907 P 5 8 0.1772887 0.1742908 0.1772888
0.1742908 P 8 7 0.1772888 0.1742909 0.1772889
0.1769123 P 7 2 0.1829083 0.1769124 0.1829084
0.1769124 P 2 7 0.1771004 0.1769125 0.1771005
0.1771005 P 7 8 0.1771945 0.1771006 0.1771946
0.1771946 P 8 5 0.1772886 0.1771947 0.1772887
0.1772887 P 5 8 0.1802867 0.1772888 0.1802868
0.1772888 P 8 7 0.1802868 0.1772889 0.1802869
0.1802867 P 5 8 0.1832847 0.1802868 0.1832848
0.1802868 P 8 7 0.1832848 0.1802869 0.1832849
0.1829083 P 7 2 0.1889043 0.1829084 0.1889044
0.1829084 P 2 7 0.1830964 0.1829085 0.1830965
0.1830965 P 7 8 0.1831905 0.1830966 0.1831906
0.1831906 P 8 5 0.1832846 0.1831907 0.1832847
0.1832847 P 5 8 0.1862827 0.1832848 0.1862828
0.1832848 P 8 7 0.1862828 0.1832849 0.1862829
0.1862827 P 5 8 0.1892807 0.1862828 0.1892808
0.1862828 P 8 7 0.1892808 0.1862829 0.1892809
0.1889043 P 7 2 0.1949003 0.1889044 0.1949004
0.1889044 P 2 7 0.1890924 0.1889045 0.1890925
0.1890925 P 7 8 0.1891865 0.1890926 0.1891866
0.1891866 P 8 5 0.1892806 0.1891867 0.1892807
0.1892807 P 5 8 0.1922787 0.1892808 0.1922788
0.1892808 P 8 7 0.1922788 0.1892809 0.1922789
0.1922787 P 5 8 0.1952767 0.1922788 0.1952768
0.1922788 P 8 7 0.1952768 0.1922789 0.1952769
0.1949003 P 7 2 0.2008963 0.1949004 0.2008964
0.1949004 P 2 7 0.1950884 0.1949005 0.1950885
0.1950885 P 7 8 0.1951825 0.1950886 0.1951826
0.1951826 P 8 5 0.1952766 0.1951827 0.1952767
0.1952767 P 5 8 0.1982747 0.1952768 0.1982748
0.1952768 P 8 7 0.1982748 0.1952769 0.1982749
0.1982747 P 5 8 0.2012727 0.1982748 0.2012728
0.1982748 P 8 7 0.2012728 0.1982749 0.2012729
0.2008963 P 7 2 0.2068923 0.2008964 0.2068924
0.2008964 P 2 7 0.2010844 0.2008965 0.2010845
0.2010845 P 7 8 0.2011785 0.2010846 0.2011786
0.2011786 P 8 5 0.2012726 0.2011787 0.2012727
0.2012727 P 5 8 0.2042707 0.2012728 0.2042708
0.2012728 P 8 7 0.2042708 0.2012729 0.2042709
0.2042707 P 5 8 0.2072687 0.2042708 0.2072688
0.2042708 P 8 7 0.2072688 0.2042709 0.2072689
0.2068923 P 7 2 0.2128883 0.2068924 0.2128884
0.2068924 P 2 7 0.2070804 0.2068925 0.2070805
0.2070805 P 7 8 0.2071745 0.2070806 0.2071746
0.2071746 P 8 5 0.2072686 0.2071747 0.2072687
0.2072687 P 5 8 0.2102667 0.2072688 0.2102668
0.2072688 P 8 7 0.2102668 0.2072689 0.2102669
0.2102667 P 5 8 0.2132647 0.2102668 0.2132648
0.2102668 P 8 7 0.2132648 0.2102669 0.2132649
0.2128883 P 7 2 0.2188843 0.2128884 0.2188844
0.2128884 P 2 7 0.2130764 0.2128885 0.2130765
0.2130765 P 7 8 0.2131705 0.2130766 0.2131706
0.2131706 P 8 5 0.2132646 0.2131707 0.2132647
0.2132647 P 5 8 0.2162627 0.2132648 0.2162628
0.2132648 P 8 7 0.2162628 0.2132649 0.2162629
0.2162627 P 5 8 0.2192607 0.2162628 0.2192608
0.2162628 P 8 7 0.2192608 0.2162629 0.2192609
0.2188843 P 7 2 0.2248803 0.2188844 0.2248804
0.2188844 P 2 7 0.2190724 0.2188845 0.2190725
0.2190725 P 7 8 0.2191665 0.2190726 0.2191666
0.2191666 P 8 5 0.2192606 0.2191667 0.2192607
0.2192607 P 5 8 0.2222587 0.2192608 0.2222588
0.2192608 P 8 7 0.2222588 0.2192609 0.2222589
0.2222587 P 5 8 0.2252567 0.2222588 0.2252568
0.2222588 P 8 7 0.2252568 0.2222589 0.2252569
0.2248803 P 7 2 0.2308763 0.2248804 0.2308764
0.2248804 P 2 7 0.2250684 0.2248805 0.2250685
0.2250685 P 7 8 0.2251625 0.2250686 0.2251626
0.2251626 P 8 5 0.2252566 0.2251627 0.2252567
0.2252567 P 5 8 0.2282547 0.2252568 0.2282548
0.2252568 P 8 7 0.2282548 0.2252569 0.2282549
0.2282547 P 5 8 0.2312527 0.2282548 0.2312528
0.2282548 P 8 7 0.2312528 0.2282549 0.2312529
0.2308763 P 7 2 0.2368723 0.2308764 0.2368724
0.2308764 P 2 7 0.2310644 0.2308765 0.2310645
0.2310645 P 7 8 0.2311585 0.2310646 0.2311586
0.2311586 P 8 5 0.2312526 0.2311587 0.2312527
0.2312527 P 5 8 0.2342507 0.2312528 0.2342508
0.2312528 P 8 7 0.2342508 0.2312529 0.2342509
0.2342507 P 5 8 0.2372487 0.2342508 0.2372488
0.2342508 P 8 7 0.2372488 0.2342509 0.2372489
0.2368723 P 7 2 0.2428683 0.2368724 0.2428684
0.2368724 P 2 7 0.2370604 0.2368725 0.2370605
0.2370605 P 7 8 0.2371545 0.2370606 0.2371546
0.2371546 P 8 5 0.2372486 0.2371547 0.2372487
0.2372487 P 5 8 0.2402467 0.2372488 0.2402468
0.2372488 P 8 7 0.2402468 0.2372489 0.2402469
0.2402467 P 5 8 0.2432447 0.2402468 0.2432448
0.2402468 P 8 7 0.2432448 0.2402469 0.2432449
0.2428683 P 7 2 0.2488643 0.2428684 0.2488644
0.2428684 P 2 7 0.2430564 0.2428685 0.2430565
0.2430565 P 7 8 0.2431505 0.2430566 0.2431506
0.2431506 P 8 5 0.2432446 0.2431507 0.2432447
0.2432447 P 5 8 0.2462427 0.2432448 0.2462428
0.2432448 P 8 7 0.2462428 0.2432449 0.2462429
0.2462427 P 5 8 0.2492407 0.2462428 0.2492408
0.2462428 P 8 7 0.2492408 0.2462429 0.2492409
0.2488643 P 7 2 0.2548603 0.2488644 0.2548604
0.2488644 P 2 7 0.2490524 0.2488645 0.2490525
0.2490525 P 7 8 0.2491465 0.2490526 0.2491466
0.2491466 P 8 5 0.2492406 0.2491467 0.2492407
0.2492407 P 5 8 0.2522387 0.2492408 0.2522388
0.2492408 P 8 7 0.2522388 0.2492409 0.2522389
0.2522387 P 5 8 0.2552367 0.2522388 0.2552368
0.2522388 P 8 7 0.2552368 0.2522389 0.2552369
0.2548603 P 7 2 0.2608563 0.2548604 0.2608564
0.2548604 P 2 7 0.2550484 0.2548605 0.2550485
0.2550485 P 7 8 0.2551425 0.2550486 0.2551426
0.2551426 P 8 5 0.2552366 0.2551427 0.2552367
0.2552367 P 5 8 0.2582347 0.2552368 0.2582348
0.2552368 P 8 7 0.2582348 0.2552369 0.2582349
0.2582347 P 5 8 0.2612327 0.2582348 0.2612328
0.2582348 P 8 7 0.2612328 0.2582349 0.2612329
0.2608563 P 7 2 0.2668523 0.2608564 0.2668524
0.2608564 P 2 7 0.2610444 0.2608565 0.2610445
0.2610445 P 7 8 0.2611385 0.2610446 0.2611386
0.2611386 P 8 5 0.2612326 0.2611387 0.2612327
0.2612327 P 5 8 0.2642307 0.2612328 0.2642308
0.2612328 P 8 7 0.2642308 0.2612329 0.2642309
0.2642307 P 5 8 0.2672287 0.2642308 0.2672288
0.2642308 P 8 7 0.2672288 0.2642309 0.2672289
0.2668523 P 7 2 0.2728483 0.2668524 0.2728484
0.2668524 P 2 7 0.2670404 0.2668525 0.2670405
0.2670405 P 7 8 0.2671345 0.2670406 0.2671346
0.2671346 P 8 5 0.2672286 0.2671347 0.2672287
0.2672287 P 5 8 0.2702267 0.2672288 0.2702268
0.2672288 P 8 7 0.2702268 0.2672289 0.2702269
0.2702267 P 5 8 0.2732247 0.2702268 0.2732248
0.2702268 P 8 7 0.2732248 0.2702269 0.2732249
0.2728483 P 7 2 0.2788443 0.2728484 0.2788444
0.2728484 P 2 7 0.2730364 0.2728485 0.2730365
0.2730365 P 7 8 0.2731305 0.2730366 0.2731306
0.2731306 P 8 5 0.2732246 0.2731307 0.2732247
0.2732247 P 5 8 0.2762227 0.2732248 0.2762228
0.2732248 P 8 7 0.2762228 0.2732249 0.2762229
0.2762227 P 5 8 0.2792207 0.2762228 0.2792208
0.2762228 P 8 7 0.2792208 0.2762229 0.2792209
0.2788443 P 7 2 0.2848403 0.2788444 0.2848404
0.2788444 P 2 7 0.2790324 0.2788445 0.2790325
0.2790325 P 7 8 0.2791265 0.2790326 0.2791266
0.2791266 P 8 5 0.2792206 0.2791267 0.2792207
0.2792207 P 5 8 0.2822187 0.2792208 0.2822188
0.2792208 P 8 7 0.2822188 0.2792209 0.2822189
0.2822187 P 5 8 0.2852167 0.2822188 0.2852168
0.2822188 P 8 7 0.2852168 0.2822189 0.2852169
0.2848403 P 7 2 0.2908363 0.2848404 0.2908364
0.2848404 P 2 7 0.2850284 0.2848405 0.2850285
0.2850285 P 7 8 0.2851225 0.2850286 0.2851226
0.2851226 P 8 5 0.2852166 0.2851227 0.2852167
0.2852167 P 5 8 0.2882147 0.2852168 0.2882148
0.2852168 P 8 7 0.2882148 0.2852169 0.2882149
0.2882148 P 8 7 0.2912128 0.2882149 0.2912129
0.2908363 P 7 2 0.2968323 0.2908364 0.2968324
0.2908364 P 2 7 0.2910244 0.2908365 0.2910245
0.2910245 P 7 8 0.2911185 0.2910246 0.2911186
0.2911186 P 8 5 0.2912126 0.2911187 0.2912127
0.2912127 P 5 8 0.2942107 0.2912128 0.2942108
0.2942108 P 8 7 0.2972088 0.2942109 0.2972089
0.2968323 P 7 2 0.3028283 0.2968324 0.3028284
0.2968324 P 2 7 0.2970204 0.2968325 0.2970205
0.2970205 P 7 8 0.2971145 0.2970206 0.2971146
0.2971146 P 8 5 0.2972086 0.2971147 0.2972087
0.2972087 P 5 8 0.3002067 0.2972088 0.3002068
0.3002068 P 8 7 0.3032048 0.3002069 0.3032049
0.3028283 P 7 2 0.3088243 0.3028284 0.3088244
0.3028284 P 2 7 0.3030164 0.3028285 0.3030165
0.3030165 P 7 8 0.3031105 0.3030166 0.3031106
0.3031106 P 8 5 0.3032046 0.3031107 0.3032047
0.3032047 P 5 8 0.3062027 0.3032048 0.3062028
0.3062028 P 8 7 0.3092008 0.3062029 0.3092009
0.3088243 P 7 2 0.3148203 0.3088244 0.3148204
0.3088244 P 2 7 0.3090124 0.3088245 0.3090125
0.3090125 P 7 8 0.3091065 0.3090126 0.3091066
0.3091066 P 8 5 0.3092006 0.3091067 0.3092007
0.3092007 P 5 8 0.3121987 0.3092008 0.3121988
0.3121988 P 8 7 0.3151968 0.3121989 0.3151969
0.3148203 P 7 2 0.3208163 0.3148204 0.3208164
0.3148204 P 2 7 0.3150084 0.3148205 0.3150085
0.3150085 P 7 8 0.3151025 0.3150086 0.3151026
0.3151026 P 8 5 0.3151966 0.3151027 0.3151967
0.3151967 P 5 8 0.3181947 0.3151968 0.3181948
0.3181948 P 8 7 0.3211928 0.3181949 0.3211929
0.3208163 P 7 2 0.3268123 0.3208164 0.3268124
0.3208164 P 2 7 0.3210044 0.3208165 0.3210045
0.3210045 P 7 8 0.3210985 0.3210046 0.3210986
0.3210986 P 8 5 0.3211926 0.3210987 0.3211927
0.3211927 P 5 8 0.3241907 0.3211928 0.3241908
0.3241908 P 8 7 0.3271888 0.3241909 0.3271889
0.3268123 P 7 2 0.3328083 0.3268124 0.3328084
0.3268124 P 2 7 0.3270004 0.3268125 0.3270005
0.3270005 P 7 8 0.3270945 0.3270006 0.3270946
0.3270946 P 8 5 0.3271886 0.3270947 0.3271887
0.3271887 P 5 8 0.3301867 0.3271888 0.3301868
0.3301868 P 8 7 0.3331848 0.3301869 0.3331849
0.3328083 P 7 2 0.3388043 0.3328084 0.3388044
0.3328084 P 2 7 0.3329964 0.3328085 0.3329965
0.3329965 P 7 8 0.3330905 0.3329966 0.3330906
0.3330906 P 8 5 0.3331846 0.3330907 0.3331847
0.3331847 P 5 8 0.3361827 0.3331848 0.3361828
0.3361828 P 8 7 0.3391808 0.3361829 0.3391809
0.3388043 P 7 2 0.3448003 0.3388044 0.3448004
0.3388044 P 2 7 0.3389924 0.3388045 0.3389925
0.3389925 P 7 8 0.3390865 0.3389926 0.3390866
0.3390866 P 8 5 0.3391806 0.3390867 0.3391807
0.3391807 P 5 8 0.3421787 0.3391808 0.3421788
0.3421788 P 8 7 0.3451768 0.3421789 0.3451769
0.3448003 P 7 2 0.3507963 0.3448004 0.3507964
0.3448004 P 2 7 0.3449884 0.3448005 0.3449885
0.3449885 P 7 8 0.3450825 0.3449886 0.3450826
0.3450826 P 8 5 0.3451766 0.3450827 0.3451767
0.3451767 P 5 8 0.3481747 0.3451768 0.3481748
0.3481748 P 8 7 0.3511728 0.3481749 0.3511729
0.3507963 P 7 2 0.3567923 0.3507964 0.3567924
0.3507964 P 2 7 0.3509844 0.3507965 0.3509845
0.3509845 P 7 8 0.3510785 0.3509846 0.3510786
0.3510786 P 8 5 0.3511726 0.3510787 0.3511727
0.3511727 P 5 8 0.3541707 0.3511728 0.3541708
0.3541708 P 8 7 0.3571688 0.3541709 0.3571689
0.3567923 P 7 2 0.3627883 0.3567924 0.3627884
0.3567924 P 2 7 0.3569804 0.3567925 0.3569805
0.3569805 P 7 8 0.3570745 0.3569806 0.3570746
0.3570746 P 8 5 0.3571686 0.3570747 0.3571687
0.3571687 P 5 8 0.3601667 0.3571688 0.3601668
0.3601668 P 8 7 0.3631648 0.3601669 0.3631649
0.3627883 P 7 2 0.3687843 0.3627884 0.3687844
0.3627884 P 2 7 0.3629764 0.3627885 0.3629765
0.3629765 P 7 8 0.3630705 0.3629766 0.3630706
0.3630706 P 8 5 0.3631646 0.3630707 0.3631647
0.3631647 P 5 8 0.3661627 0.3631648 0.3661628
0.3661628 P 8 7 0.3691608 0.3661629 0.3691609
0.3687843 P 7 2 0.3747803 0.3687844 0.3747804
0.3687844 P 2 7 0.3689724 0.3687845 0.3689725
0.3689725 P 7 8 0.3690665 0.3689726 0.3690666
0.3690666 P 8 5 0.3691606 0.3690667 0.3691607
0.3691607 P 5 8 0.3721587 0.3691608 0.3721588
0.3721588 P 8 7 0.3751568 0.3721589 0.3751569
0.3747803 P 7 2 0.3807763 0.3747804 0.3807764
0.3747804 P 2 7 0.3749684 0.3747805 0.3749685
0.3749685 P 7 8 0.3750625 0.3749686 0.3750626
0.3750626 P 8 5 0.3751566 0.3750627 0.3751567
0.3751567 P 5 8 0.3781547 0.3751568 0.3781548
0.3781548 P 8 7 0.3811528 0.3781549 0.3811529
0.3807763 P 7 2 0.3867723 0.3807764 0.3867724
0.3807764 P 2 7 0.3809644 0.3807765 0.3809645
0.3809645 P 7 8 0.3810585 0.3809646 0.3810586
0.3810586 P 8 5 0.3811526 0.3810587 0.3811527
0.3811527 P 5 8 0.3841507 0.3811528 0.3841508
0.3841508 P 8 7 0.3871488 0.3841509 0.3871489
0.3867723 P 7 2 0.3927683 0.3867724 0.3927684
0.3867724 P 2 7 0.3869604 0.3867725 0.3869605
0.3869605 P 7 8 0.3870545 0.3869606 0.3870546
0.3870546 P 8 5 0.3871486 0.3870547 0.3871487
0.3871487 P 5 8 0.3901467 0.3871488 0.3901468
0.3901468 P 8 7 0.3931448 0.3901469 0.3931449
0.3927683 P 7 2 0.3987643 0.3927684 0.3987644
0.3927684 P 2 7 0.3929564 0.3927685 0.3929565
0.3929565 P 7 8 0.3930505 0.3929566 0.3930506
0.3930506 P 8 5 0.3931446 0.3930507 0.3931447
0.3931447 P 5 8 0.3961427 0.3931448 0.3961428
0.3961428 P 8 7 0.3991408 0.3961429 0.3991409
0.3987643 P 7 2 0.4047603 0.3987644 0.4047604
0.3987644 P 2 7 0.3989524 0.3987645 0.3989525
0.3989525 P 7 8 0.3990465 0.3989526 0.3990466
0.3990466 P 8 5 0.3991406 0.3990467 0.3991407
0.3991407 P 5 8 0.4021387 0.3991408 0.4021388
0.4021388 P 8 7 0.4051368 0.4021389 0.4051369
0.4047603 P 7 2 0.4107563 0.4047604 0.4107564
0.4047604 P 2 7 0.4049484 0.4047605 0.4049485
0.4049485 P 7 8 0.4050425 0.4049486 0.4050426
0.4050426 P 8 5 0.4051366 0.4050427 0.4051367
0.4051367 P 5 8 0.4081347 0.4051368 0.4081348
0.4081348 P 8 7 0.4111328 0.4081349 0.4111329
0.4107563 P 7 2 0.4167523 0.4107564 0.4167524
0.4107564 P 2 7 0.4109444 0.4107565 0.4109445
0.4109445 P 7 8 0.4110385 0.4109446 0.4110386
0.4110386 P 8 5 0.4111326 0.4110387 0.4111327
0.4111327 P 5 8 0.4141307 0.4111328 0.4141308
0.4141308 P 8 7 0.4171288 0.4141309 0.4171289
0.4167523 P 7 2 0.4227483 0.4167524 0.4227484
0.4167524 P 2 7 0.4169404 0.4167525 0.4169405
0.4169405 P 7 8 0.4170345 0.4169406 0.4170346
0.4170346 P 8 5 0.4171286 0.4170347 0.4171287
0.4171287 P 5 8 0.4201267 0.4171288 0.4201268
0.4201268 P 8 7 0.4231248 0.4201269 0.4231249
0.4227483 P 7 2 0.4287443 0.4227484 0.4287444
0.4227484 P 2 7 0.4229364 0.4227485 0.4229365
0.4229365 P 7 8 0.4230305 0.4229366 0.4230306
0.4230306 P 8 5 0.4231246 0.4230307 0.4231247
0.4231247 P 5 8 0.4261227 0.4231248 0.4261228
0.4261228 P 8 7 0.4291208 0.4261229 0.4291209
0.4287443 P 7 2 0.4347403 0.4287444 0.4347404
